[[-6.43971405e-01  7.92647637e-01]
 [-2.41896851e-01  8.08169561e-01]
 [-7.12222748e-01  6.73987147e-01]
 [-3.81689598e-01  7.52210675e-01]
 [ 1.24233940e+00 -6.97153869e-01]
 [ 6.22878669e-01  7.85233064e-01]
 [-2.01967096e-01  7.46061433e-01]
 [ 4.34863194e-01  7.42464450e-01]
 [ 2.08872704e+00 -3.91482114e-02]
 [ 1.06211897e+00  6.67976509e-01]
 [ 1.64257002e+00 -3.42487484e-01]
 [ 3.23739713e-01 -2.77119288e-01]
 [-7.90876185e-01  5.78132874e-01]
 [ 4.10166596e-01  6.05655730e-01]
 [ 7.80041684e-02  3.98006597e-01]
 [-7.66167647e-01  2.75697203e-01]
 [ 1.05896248e+00 -5.69584798e-01]
 [ 3.24641942e-01 -1.72010643e-01]
 [ 1.31213528e+00 -3.33577241e-01]
 [ 5.24972150e-01 -3.84568100e-01]
 [ 1.89288048e+00 -6.97001176e-02]
 [ 9.72944637e-01  4.99994143e-01]
 [ 1.85325578e+00 -1.36339922e-01]
 [ 9.90479196e-01  1.18644252e-01]
 [ 2.22905004e-01 -4.75897228e-02]
 [ 2.60409691e-01  2.53026899e-02]
 [ 8.13085635e-01 -3.16280577e-01]
 [ 1.13237026e+00  6.43028185e-01]
 [ 1.08315574e+00 -3.96896855e-01]
 [-2.89120616e-01  4.36260149e-01]
 [-5.31345470e-01  8.80700163e-01]
 [ 1.11593329e+00 -4.04870234e-01]
 [ 1.51096542e+00 -5.02760819e-01]
 [ 5.73542258e-01  9.86471244e-01]
 [-7.63696155e-02  9.86105587e-01]
 [ 9.35907077e-01  7.12256285e-01]
 [ 9.87775578e-01 -4.58955160e-01]
 [ 1.04357899e+00 -5.24435459e-01]
 [ 1.67093603e+00 -4.58202254e-01]
 [ 7.73939642e-01 -1.44371044e-02]
 [ 4.02829960e-02  3.28012108e-01]
 [-5.47513193e-01  5.98753399e-01]
 [-8.68042451e-01  6.32304081e-01]
 [ 3.68905358e-01  6.69012426e-01]
 [ 2.05017091e+00 -6.21764719e-02]
 [ 3.93256479e-01  7.19216244e-01]
 [ 8.43983390e-01  6.85311426e-01]
 [ 1.41635993e+00 -2.11143311e-01]
 [ 9.83145172e-01  7.67962396e-01]
 [ 1.78188646e+00 -2.62627010e-01]
 [ 3.09355771e-02  2.24620805e-01]
 [ 2.14555827e-01  2.57373094e-01]
 [-1.69399999e-01 -1.79107837e-01]
 [-1.16061538e+00  4.78672792e-01]
 [ 1.76569048e+00  3.00300438e-01]
 [ 2.02329980e+00  2.28252957e-01]
 [ 7.68893975e-01  4.40205821e-01]
 [ 3.05863166e-01 -1.30254068e-01]
 [ 8.75392468e-01 -4.25643310e-01]
 [ 1.39714434e+00 -1.00466014e-01]
 [ 4.64055861e-01 -4.02482581e-01]
 [ 1.55985163e+00 -1.61835027e-01]
 [ 9.76742035e-01  4.37827510e-01]
 [ 1.74274451e+00  2.92665165e-01]
 [ 6.82729307e-01  5.62803445e-01]
 [ 1.61329668e+00 -1.46741718e-01]
 [-6.58168704e-01  4.70729798e-01]
 [ 2.17300928e-01  1.04751744e-01]
 [ 2.36157462e-01  1.01805513e+00]
 [ 1.34992542e+00 -2.95365158e-01]
 [-1.10710858e+00  1.02258729e-01]
 [ 7.12244174e-01  4.94834417e-01]
 [ 7.34922499e-01 -5.25814771e-01]
 [-4.02072251e-02  2.04444128e-02]
 [ 4.95084797e-01 -5.09225559e-01]
 [ 5.38082408e-01 -4.42740896e-01]
 [ 1.68311909e+00  2.65910164e-01]
 [ 1.85436553e+00 -2.17954017e-02]
 [ 1.17934960e+00  1.59118166e-01]
 [ 1.05551072e+00 -9.67945891e-02]
 [-2.23269527e-01  1.09284087e+00]
 [ 1.00346273e+00 -2.10289581e-01]
 [ 2.12504779e-01  1.09157845e+00]
 [-8.93475476e-01  4.71296474e-01]
 [ 2.51656805e-01  3.49472445e-01]
 [-2.45550703e-01  9.84963771e-01]
 [ 7.84470022e-01  5.91549413e-01]
 [ 2.50387218e-01 -3.79853973e-02]
 [ 6.43551062e-01 -5.47013099e-01]
 [ 9.83297632e-01 -7.25241241e-01]
 [ 1.27236315e+00 -5.39072962e-01]
 [ 2.06664820e+00  3.46609869e-01]
 [ 8.57656236e-01  8.06640610e-02]
 [ 1.48226051e+00 -4.92314650e-01]
 [-8.58301852e-01  8.09732440e-02]
 [-6.80281985e-02  7.19204919e-01]
 [ 2.73610022e-01  1.03565656e+00]
 [ 1.45300431e+00 -3.55620325e-01]
 [ 1.87980922e+00  8.12064161e-02]
 [ 5.03297111e-01 -5.21635638e-01]
 [-9.50237387e-01 -5.41210749e-02]
 [-5.81284860e-01  1.03278586e+00]
 [-1.81742191e-01  9.21697634e-01]
 [-9.53457058e-02  2.55464359e-01]
 [-3.73412481e-01  7.53032534e-02]
 [ 1.19090549e+00 -2.56680222e-01]
 [ 4.69013803e-01 -6.19593621e-01]
 [ 2.08280187e+00  2.69309730e-01]
 [ 7.69009431e-01  4.08870053e-01]
 [-5.33598231e-01  1.11000205e+00]
 [ 1.99971397e+00 -1.17144606e-01]
 [ 3.97882811e-01 -1.68555961e-01]
 [ 7.44518836e-01  7.49985660e-01]
 [ 1.20809503e+00  3.16271921e-01]
 [ 2.56345165e-01  9.81278278e-01]
 [ 2.82038011e-02  3.04691373e-01]
 [ 8.29102318e-02  1.10647042e+00]
 [ 7.02796152e-02  9.60666941e-01]
 [ 2.34344317e-01 -2.45615257e-01]
 [-7.41080193e-01  7.61701776e-01]
 [-6.14225978e-01  7.39995028e-01]
 [ 4.89740605e-01  8.84082189e-01]
 [-7.12630359e-01  2.83177562e-01]
 [-8.18573639e-01  6.06332531e-01]
 [ 8.92288090e-01  9.92343615e-02]
 [ 1.12584954e+00  1.98665109e-02]
 [ 2.91895465e-01  9.35089160e-01]
 [ 1.49573612e+00 -3.82190762e-01]
 [ 6.92737368e-01  5.70405678e-02]
 [ 6.89896449e-01  3.62286968e-01]
 [-6.31091107e-01  9.60783817e-01]
 [-1.02369732e+00  3.02546067e-01]
 [ 1.91380246e+00  3.50505175e-01]
 [ 9.31020213e-01  2.13360909e-01]
 [-8.50698391e-01 -1.60913578e-02]
 [ 7.73245145e-02 -2.70278990e-01]
 [ 1.34324392e+00 -4.52054810e-01]
 [-9.29983892e-02  3.09832015e-01]
 [ 2.42737601e-01  9.00847213e-01]
 [-8.09053832e-01  2.54287216e-01]
 [ 1.54243159e-01  3.95266639e-02]
 [-5.74226522e-01  6.67494241e-01]
 [-6.55600228e-01  9.89285280e-01]
 [-2.19355108e-01  1.07303083e+00]
 [ 3.77808007e-01 -9.32440635e-03]
 [-6.98018141e-01  4.85413002e-01]
 [ 5.42679558e-01 -4.48229529e-01]
 [ 9.94123043e-01 -3.67227091e-01]
 [ 1.86680820e-01  1.14216299e+00]
 [ 5.35894040e-02  3.70741867e-01]
 [ 1.82843830e+00  2.25770260e-02]
 [-7.34671196e-01  8.30949153e-01]
 [ 1.82643453e+00 -2.24008348e-01]
 [ 1.18754333e+00 -5.03208601e-01]
 [ 6.26470643e-01  8.33371646e-01]
 [ 6.26783818e-02  4.03894235e-01]
 [ 2.12238092e+00  3.30093832e-01]
 [ 2.06096746e+00  2.18246894e-01]
 [ 3.92016243e-01  8.03337282e-01]
 [ 1.32694512e-01  1.22967545e+00]
 [ 1.92840243e+00  6.09915765e-01]
 [ 4.07347033e-01  9.47289528e-01]
 [ 1.73523516e-01  2.82283827e-01]
 [ 2.66214792e-01 -4.96666996e-01]
 [ 1.82341573e+00 -1.72571455e-01]
 [ 1.26763743e+00 -4.27521428e-01]
 [ 1.68933475e+00 -5.32479161e-02]
 [ 5.56651631e-02  9.11432624e-02]
 [ 5.27966477e-01 -1.52196009e-01]
 [-1.23874821e+00  1.22181503e-01]
 [ 9.20576178e-01  5.54504316e-01]
 [-1.04711803e+00  2.51041651e-01]
 [ 1.04883375e+00 -4.73319429e-02]
 [ 9.37810390e-02  6.86769795e-02]
 [ 1.51324246e-02  1.55654555e-01]
 [ 1.64208722e+00 -2.67399948e-01]
 [ 1.14390060e+00 -5.80857031e-04]
 [-1.06543417e+00  4.64086180e-01]
 [ 1.87052046e+00  9.00151692e-03]
 [-1.09534589e+00  1.70203930e-01]
 [-8.82048154e-01  8.89314270e-01]
 [ 6.89536412e-01 -4.74116521e-01]
 [ 1.90558658e+00  3.08686499e-01]
 [ 9.26224840e-01  9.70592857e-02]
 [ 8.27556236e-01 -8.63061165e-01]
 [ 9.35774341e-01  5.16236131e-01]
 [ 1.07434154e+00  2.89833984e-01]
 [ 8.00491407e-01  2.28299687e-01]
 [ 2.36654076e+00  5.09003737e-01]
 [ 1.17218872e+00 -3.50892446e-01]
 [ 1.56727761e+00 -5.57461210e-01]
 [ 2.36449379e-01  8.07451076e-01]
 [ 5.28406117e-01 -6.92521781e-01]
 [ 6.73798573e-01  8.12473840e-01]
 [ 1.15023354e+00 -5.21540785e-01]
 [ 1.94905587e+00 -1.27787394e-01]
 [ 3.30463749e-01 -1.65764938e-01]
 [-9.02291426e-01  2.25637063e-01]
 [ 1.73040019e+00 -1.39313426e-01]
 [-9.72612271e-01  5.61355162e-01]
 [ 9.40200605e-01  1.02680164e+00]
 [-6.46018850e-01  7.13658451e-01]
 [ 1.36793229e-01 -3.46598992e-02]
 [ 5.48033203e-01  5.88162688e-01]
 [ 2.41715911e-01  1.23869296e+00]
 [-1.05071815e+00  2.28341282e-01]
 [-7.40201245e-01  7.14538795e-01]
 [ 6.34275963e-01 -3.56249310e-01]
 [ 2.10544097e+00  6.32731830e-01]
 [-1.95942592e-01  5.51080863e-01]
 [ 5.29334386e-01 -5.18526721e-01]
 [-2.05225183e-01  9.65823392e-01]
 [ 2.19772015e+00  2.29898491e-01]
 [-5.13756177e-01  6.82311384e-01]
 [-7.83008281e-02  9.50477404e-01]
 [ 4.59832654e-01  1.07297202e+00]
 [ 2.95688039e-01  8.02228449e-01]
 [ 2.74226461e-01 -1.65753598e-01]
 [ 1.76145433e+00 -1.35510863e-01]
 [ 1.47488640e+00 -4.64390370e-01]
 [ 1.71007107e+00  2.23925742e-01]
 [ 1.75143965e+00  2.41820125e-02]
 [ 9.65153049e-01  6.00517120e-01]
 [ 9.49295235e-01  5.04117774e-02]
 [-1.00750053e+00 -3.45079420e-01]
 [ 4.58409576e-01  9.85282901e-01]
 [ 2.01749601e+00  2.37670089e-01]
 [-6.42157266e-01  1.05277346e+00]
 [ 3.17088717e-01 -4.58422237e-01]
 [ 2.06910242e+00  1.93063758e-01]
 [ 1.35573884e+00 -3.44238770e-01]
 [ 8.53963890e-02  2.56702225e-01]
 [ 1.99275825e+00  5.55106071e-01]
 [-7.02003360e-01  4.85306107e-01]
 [ 3.39457776e-01  6.12646007e-01]
 [-9.18871172e-01  2.41393655e-01]
 [-7.40945595e-01  7.67162849e-01]
 [ 4.14553056e-01 -3.04995778e-01]
 [ 7.65526525e-01 -3.82203219e-01]
 [ 1.96377381e+00  6.26056679e-02]
 [ 3.45020257e-01 -1.40531966e-01]
 [ 3.49228378e-01 -4.31109421e-01]
 [ 1.27697849e+00 -5.08189099e-01]
 [-4.71332906e-01  1.02024417e+00]
 [-1.24828430e+00  2.45303622e-01]
 [ 1.97695903e-02  1.12900151e+00]
 [-1.09893561e+00  1.70090575e-02]
 [ 4.58895707e-01  8.99848505e-01]
 [ 6.10571667e-01 -2.77356954e-01]
 [-7.27945811e-04  7.78884856e-01]
 [ 1.13190540e+00  3.34926049e-01]
 [ 6.22940608e-01  4.69942322e-01]
 [ 1.20323023e+00 -4.70679283e-01]
 [-1.09540449e+00  1.53683607e-01]
 [ 1.06283376e+00  4.39905955e-01]
 [-6.23201746e-01  9.35374815e-01]
 [ 5.64493699e-01 -2.01453145e-01]
 [ 2.89193226e-02  1.01623256e+00]
 [-1.89052101e-02  7.72516114e-01]
 [-6.63583634e-01  6.04664598e-01]
 [ 1.11145567e+00  7.82558721e-02]
 [ 2.38103394e-01  1.18436903e+00]
 [ 1.78407436e+00  8.36691015e-02]
 [-1.00092045e-01  1.03512837e+00]
 [ 1.11692836e+00 -6.26654104e-01]
 [ 1.54906191e+00 -4.70431159e-01]
 [ 8.90877717e-01 -8.31642991e-01]
 [ 4.21478495e-01  9.96283534e-01]
 [ 1.49674772e+00 -7.37734263e-02]
 [ 4.30835206e-01 -4.56197868e-01]
 [ 2.27418456e-01 -1.09775814e-01]
 [-5.75738282e-01  1.00389006e+00]
 [ 3.51950903e-01 -3.00551198e-01]
 [ 7.41118895e-01  3.31102284e-01]
 [ 8.06486244e-01 -6.71560412e-01]
 [ 1.91901692e+00  4.47676396e-01]
 [-1.79664485e-04  3.33287196e-01]
 [ 1.51736486e+00 -4.71293584e-01]
 [-1.39954243e-01  9.99127759e-01]
 [ 1.43803283e+00 -4.34749595e-01]
 [-1.05579323e+00  5.62421060e-01]
 [ 8.36026148e-01  4.76846761e-01]
 [ 1.60896704e-02  1.85754901e-01]
 [-8.06608271e-01  5.67954338e-01]
 [-1.00755783e+00  1.18217877e-01]
 [-8.09342473e-01  2.61195785e-01]
 [ 1.88736135e+00 -1.51679663e-02]
 [ 1.12215419e+00  8.80838026e-02]
 [-1.11425877e+00  3.65730077e-02]
 [ 6.23885990e-01  8.73405958e-01]
 [ 1.03538945e+00 -6.73032277e-01]
 [-4.02850495e-01  5.06136373e-01]
 [ 7.85716874e-01 -6.08176334e-01]
 [ 1.74902956e-01  3.73915280e-02]
 [-7.05423647e-01  5.14654858e-01]
 [-5.55989500e-01  5.72000870e-01]
 [-1.42628355e-01  9.43345391e-01]
 [ 6.65448410e-01  6.16441775e-01]
 [ 6.96819191e-01  7.37546526e-01]
 [ 1.40626586e+00 -7.07925721e-01]]